RDA3
A
3
262400
197888
5
CP932
1026
1
262153
2
pv
531
24
13
1
8
14
1
30
10
1
0
13
1
595
528
5
262153
4
none
262153
9
trackball
262153
4
zoom
262153
3
fov
262153
4
pull
1026
1
262153
5
names
16
5
262153
4
none
262153
4
left
262153
5
right
262153
6
middle
262153
5
wheel
254
14
3
0
0
5.986276149749756
526
16
-9.308249473571777
-6.062701225280762
8.325687408447266
0
7.628207683563232
-4.985050201416016
4.898390769958496
0
0.04757670685648918
0.4396617412567139
0.3733496069908142
0
-716.5675659179688
933.3360595703125
-1013.469665527344
1
1026
1
262153
3
dim
13
2
4
4
254
526
16
3.862387657165527
0
0
0
0
4.536329746246338
0
0
0
0
-3.86370325088501
-1
0
0
-21.57983207702637
0
1026
1023
13
2
4
4
254
10
1
0
526
16
-0.6705141663551331
-0.4367230236530304
0.5997358560562134
0
0.7373277544975281
-0.4818452894687653
0.4734689593315125
0
0.08220544457435608
0.7596698403358459
0.6450923681259155
0
0
0
0
1
1026
1023
13
2
4
4
254
526
16
1
0
0
0
0
1
0
0
0
0
1
0
0
0
0
1
1026
1023
13
2
4
4
254
14
3
13.88225650787354
10.34574890136719
0.5787537097930908
525
4
0
0
976
831
1026
767
16
4
262153
1
x
262153
1
y
262153
5
width
262153
6
height
254
14
1
0.8227026462554932
14
6
38.22562789916992
38.32736968994141
140.5769958496094
140.7135162353516
-1.569102168083191
0.8713239431381226
13
4
360
147
1336
978
16
1
262153
4
sans
13
1
1
14
1
1
10
1
0
16
1
262153
8
TT\040Arial
13
1
8
14
1
4.6
13
1
0
1026
767
16
24
262153
9
antialias
262153
3
FOV
262153
12
ignoreExtent
262153
9
listeners
262153
9
mouseMode
262153
8
observer
262153
11
modelMatrix
262153
10
projMatrix
262153
10
skipRedraw
262153
10
userMatrix
262153
14
userProjection
262153
5
scale
262153
8
viewport
262153
4
zoom
262153
4
bbox
262153
10
windowRect
262153
6
family
262153
4
font
262153
3
cex
262153
11
useFreeType
262153
8
fontname
262153
13
maxClipPlanes
262153
9
glVersion
262153
14
activeSubscene
254
254
