-30 0.0308456933655584
-29.75 -0.00870617234400444
-29.5 0.025576212975004
-29.25 -0.0811665554069009
-29 -0.0262595997885123
-28.75 -0.0157438766268731
-28.5 -0.0105156924521998
-28.25 0.020706788181169
-28 0.0382670548568001
-27.75 -0.0793066585236386
-27.5 0.0231062479881809
-27.25 0.0200470792721062
-27 0.0684935114221077
-26.75 0.027854946789418
-26.5 0.02516198527877
-26.25 0.102052204150167
-26 -0.0309303708630125
-25.75 -0.0606396532594287
-25.5 0.0484433993535461
-25.25 0.0301883239356231
-25 -0.00178608819348967
-24.75 -0.0316467799393028
-24.5 0.0182570989833133
-24.25 -0.0126762830079554
-23.75 0.000500931991665919
-23.5 -0.0727416146081134
-23.25 -0.100096366261241
-23 -0.0572253056318881
-22.75 -0.104530089044798
-22.5 0.00887003498311695
-22.25 -0.0136477326439974
-22 0.0323949793270111
-21.75 0.00827421300131505
-21.5 0.0208997456274312
-21.25 0.048810302431551
-21 0.0199175604072273
-20.75 0.0439046194896102
-20.5 0.102706837125645
-20.25 0.011608063004998
-20 0.0553257776640044
-19 -0.0352518212590303
-17 -0.0212469317618413
-15 -0.0388669619403492
-9 -0.100979011742605
-8 0.145067915226066
-7 0.0639564990698374
-6 -0.0880929698520971
-5 -0.23427283593208
-2.4 0.29078723753005
-1.9 0.493983372767876
-1.4 0.732482667965323
-0.9 0.799315034145626
-0.4 0.978903424560175
0.1 0.970350193153902
0.6 0.927083325553027
2 0.380046784797416
5 -0.205578005171146
8 0.145452497495042
11 -0.0747640437243439
14 -0.0069859291643099
14.1 0.126695206060174
14.6 0.0740333284478138
15.1 -0.0549860671207329
15.6 0.0163967183419881
16.1 -0.0691273408377382
16.6 -0.0777844028063538
17.1 -0.0125266959707182
17.6 -0.0803259461766454
18.1 0.0239023919206337
18.6 -0.00943768254937004
19.1 -0.0477355419466572
19.6 0.117221679340728
25 0.0288953048423133
28 0.0626528874857181
